#Node Position		Mean energy	Standard error	K_el=0.16  Nw=10000 T=25610 a.u.  dtau=0.001 a.u.
0.0			0.594914        0.000058			
+0.005			0.593255        0.000055
+0.01			0.592090        0.000057					
+0.015			0.590538        0.000056
+0.02			0.589148        0.000058			
+0.03			0.586323        0.000056
+0.04			0.583684        0.000057		
+0.05			0.580894        0.000059			
+0.1			0.567110       	0.000055		
+0.15			0.553761       	0.000050
+0.2			0.540661        0.000049	
+0.3			0.515331        0.000049
+0.4			0.491369        0.000048
+0.5			0.468506        0.000048
+1.0			0.371498        0.000049
+2.0			0.253485        0.000042
+3.0			0.209748        0.000038
+4.0			0.200847        0.000037
+5.0			0.200000        0.000038
+7.0			0.200057        0.000036
+8.0			0.200054        0.000036
+9.0			0.200066        0.000037
+11.0			0.199958        0.000037