#Node Position		Mean energy	Standard error	K_el=0.16  Nw=10000 T=410 a.u.	dtau=0.000016 a.u.
#-0.2			0.544607       	0.000681
#-0.15			0.559575       	0.000680
-0.1			0.572473       	0.000684
-0.075			0.579071        0.000690
-0.05			0.587081       	0.000696
-0.04			0.589618       	0.000693
-0.025			0.593455        0.000694
-0.015			0.594524        0.000692
-0.01			0.596872        0.000694
-0.005			0.598667       	0.000697
0.0			0.600052       	0.000698
+0.005			0.597919       	0.000692
+0.01			0.596095       	0.000697
+0.015			0.595114       	0.000695
+0.025			0.593804       	0.000691
+0.04			0.589267        0.000694
+0.05			0.585494       	0.000694
+0.075			0.579637        0.000689
+0.1			0.572297       	0.000690
#+0.15			0.558402       	0.000686
#+0.2			0.544649       	0.000682