#dtau		Mean energy	Standard error	K_el=0.16  Nw=10000 T=410 a.u.			
0.005		0.587913        0.000469			
0.003		0.591356       	0.000492
0.0017		0.592707        0.000402				
0.001		0.594938        0.000403		
0.00075		0.594750       	0.000404			
0.0005		0.596641       	0.000493	
0.0003		0.597489        0.000420
0.00016		0.597533       	0.000472			
0.0001		0.598991        0.000538				
#0.000075	0.599275        0.000551
0.000055	0.598623        0.000594		
0.000040	0.599601        0.000651
#0.000032	0.600276        0.000651			
0.000025	0.599765        0.000683
0.000016	0.600028        0.000708
0.000013	0.599362       	0.000710	
0.000010	0.600154       	0.000724
0.0000075	0.599449        0.000745
0.0000055	0.600736       	0.000772	