0.012500	0.001438
0.037500	0.009731
0.062500	0.025755
0.087500	0.049221
0.112500	0.078916
0.137500	0.114902
0.162500	0.156429
0.187500	0.203683
0.212500	0.255388
0.237500	0.311358
0.262500	0.370831
0.287500	0.434258
0.312500	0.499856
0.337500	0.569631
0.362500	0.640821
0.387500	0.714478
0.412500	0.789648
0.437500	0.867105
0.462500	0.944651
0.487500	1.023754
0.512500	1.103341
0.537500	1.184037
0.562500	1.265129
0.587500	1.346120
0.612500	1.427138
0.637500	1.509664
0.662500	1.590850
0.687500	1.672289
0.712500	1.751182
0.737500	1.831534
0.762500	1.909870
0.787500	1.986088
0.812500	2.062128
0.837500	2.137289
0.862500	2.209190
0.887500	2.282721
0.912500	2.353500
0.937500	2.424117
0.962500	2.493030
0.987500	2.560095
1.012500	2.623630
1.037500	2.686901
1.062500	2.749866
1.087500	2.811059
1.112500	2.867719
1.137500	2.923620
1.162500	2.978525
1.187500	3.032138
1.212500	3.083707
1.237500	3.133515
1.262500	3.182902
1.287500	3.228150
1.312500	3.273538
1.337500	3.315660
1.362500	3.355592
1.387500	3.393125
1.412500	3.431815
1.437500	3.467809
1.462500	3.499241
1.487500	3.531672
1.512500	3.560583
1.537500	3.589512
1.562500	3.614810
1.587500	3.639790
1.612500	3.662813
1.637500	3.684314
1.662500	3.706294
1.687500	3.724316
1.712500	3.740724
1.737500	3.756616
1.762500	3.770901
1.787500	3.784365
1.812500	3.794637
1.837500	3.804670
1.862500	3.813488
1.887500	3.819567
1.912500	3.826437
1.937500	3.830446
1.962500	3.831521
1.987500	3.833723
2.012500	3.833695
2.037500	3.831388
2.062500	3.828969
2.087500	3.825573
2.112500	3.822604
2.137500	3.817340
2.162500	3.810099
2.187500	3.804495
2.212500	3.796183
2.237500	3.787486
2.262500	3.778486
2.287500	3.767577
2.312500	3.758230
2.337500	3.746057
2.362500	3.733302
2.387500	3.716882
2.412500	3.703139
2.437500	3.684919
2.462500	3.667910
2.487500	3.649460
2.512500	3.631144
2.537500	3.614869
2.562500	3.594579
2.587500	3.573824
2.612500	3.554763
2.637500	3.532230
2.662500	3.508681
2.687500	3.486715
2.712500	3.463599
2.737500	3.439894
2.762500	3.417045
2.787500	3.392149
2.812500	3.368024
2.837500	3.342310
2.862500	3.317176
2.887500	3.292555
2.912500	3.264906
2.937500	3.239228
2.962500	3.210814
2.987500	3.183550
3.012500	3.156945
3.037500	3.133761
3.062500	3.105921
3.087500	3.079603
3.112500	3.052144
3.137500	3.024151
3.162500	2.997750
3.187500	2.970263
3.212500	2.943977
3.237500	2.915520
3.262500	2.887475
3.287500	2.859202
3.312500	2.832206
3.337500	2.805357
3.362500	2.778260
3.387500	2.750556
3.412500	2.721616
3.437500	2.694168
3.462500	2.663806
3.487500	2.635319
3.512500	2.608225
3.537500	2.579180
3.562500	2.550701
3.587500	2.523275
3.612500	2.494757
3.637500	2.468735
3.662500	2.439923
3.687500	2.412592
3.712500	2.387951
3.737500	2.361642
3.762500	2.334366
3.787500	2.307730
3.812500	2.280142
3.837500	2.253780
3.862500	2.227243
3.887500	2.201028
3.912500	2.173440
3.937500	2.147365
3.962500	2.122798
3.987500	2.096073
4.012500	2.071443
4.037500	2.046610
4.062500	2.021401
4.087500	1.996182
4.112500	1.971159
4.137500	1.945803
4.162500	1.920628
4.187500	1.895937
4.212500	1.870797
4.237500	1.847067
4.262500	1.822879
4.287500	1.798108
4.312500	1.775295
4.337500	1.751393
4.362500	1.728702
4.387500	1.706268
4.412500	1.684262
4.437500	1.661571
4.462500	1.639536
4.487500	1.617115
4.512500	1.593072
4.537500	1.571176
4.562500	1.549306
4.587500	1.528002
4.612500	1.505983
4.637500	1.484577
4.662500	1.463071
4.687500	1.442408
4.712500	1.422922
4.737500	1.402980
4.762500	1.381703
4.787500	1.362386
4.812500	1.342982
4.837500	1.323945
4.862500	1.304036
4.887500	1.284768
4.912500	1.265676
4.937500	1.247403
4.962500	1.227502
4.987500	1.210531
5.012500	1.193481
5.037500	1.175311
5.062500	1.157998
5.087500	1.140982
5.112500	1.123189
5.137500	1.105174
5.162500	1.089326
5.187500	1.071312
5.212500	1.056701
5.237500	1.039062
5.262500	1.023960
5.287500	1.009472
5.312500	0.993556
5.337500	0.978420
5.362500	0.963197
5.387500	0.948353
5.412500	0.933762
5.437500	0.918328
5.462500	0.903687
5.487500	0.888631
5.512500	0.875644
5.537500	0.861430
5.562500	0.847870
5.587500	0.834037
5.612500	0.819970
5.637500	0.807907
5.662500	0.795135
5.687500	0.782151
5.712500	0.769581
5.737500	0.756874
5.762500	0.744643
5.787500	0.733236
5.812500	0.720486
5.837500	0.708651
5.862500	0.695590
5.887500	0.683473
5.912500	0.672493
5.937500	0.661539
5.962500	0.650876
5.987500	0.641059
6.012500	0.630101
6.037500	0.619366
6.062500	0.608923
6.087500	0.598688
6.112500	0.588771
6.137500	0.579472
6.162500	0.569677
6.187500	0.560208
6.212500	0.550471
6.237500	0.541783
6.262500	0.532497
6.287500	0.523005
6.312500	0.514337
6.337500	0.506167
6.362500	0.497649
6.387500	0.489329
6.412500	0.480967
6.437500	0.472880
6.462500	0.464966
6.487500	0.456244
6.512500	0.448731
6.537500	0.441537
6.562500	0.434079
6.587500	0.427423
6.612500	0.419855
6.637500	0.412819
6.662500	0.405724
6.687500	0.398638
6.712500	0.391604
6.737500	0.384246
6.762500	0.377171
6.787500	0.370708
6.812500	0.364296
6.837500	0.357755
6.862500	0.351286
6.887500	0.344747
6.912500	0.338555
6.937500	0.332526
6.962500	0.326799
6.987500	0.320153
7.012500	0.314136
7.037500	0.307886
7.062500	0.303227
7.087500	0.297662
7.112500	0.292324
7.137500	0.287410
7.162500	0.282586
7.187500	0.277341
7.212500	0.272966
7.237500	0.267940
7.262500	0.263596
7.287500	0.258908
7.312500	0.254171
7.337500	0.249619
7.362500	0.244975
7.387500	0.240475
7.412500	0.237125
7.437500	0.232782
7.462500	0.228696
7.487500	0.224212
7.512500	0.220648
7.537500	0.217064
7.562500	0.212863
7.587500	0.209318
7.612500	0.205440
7.637500	0.201510
7.662500	0.197854
7.687500	0.193988
7.712500	0.190397
7.737500	0.187003
7.762500	0.183833
7.787500	0.180404
7.812500	0.177438
7.837500	0.173639
7.862500	0.170631
7.887500	0.167507
7.912500	0.164694
7.937500	0.161773
7.962500	0.158693
7.987500	0.155883
8.012500	0.153043
8.037500	0.150314
8.062500	0.147901
8.087500	0.145044
8.112500	0.141901
8.137500	0.139112
8.162500	0.136722
8.187500	0.133987
8.212500	0.131597
8.237500	0.129425
8.262500	0.127343
8.287500	0.124978
8.312500	0.122593
8.337500	0.120465
8.362500	0.118033
8.387500	0.115742
8.412500	0.113827
8.437500	0.111801
8.462500	0.109297
8.487500	0.107390
8.512500	0.105144
8.537500	0.102885
8.562500	0.100834
8.587500	0.099122
8.612500	0.097195
8.637500	0.095633
8.662500	0.093699
8.687500	0.092014
8.712500	0.090084
8.737500	0.088543
8.762500	0.086540
8.787500	0.085012
8.812500	0.083406
8.837500	0.081586
8.862500	0.080217
8.887500	0.078765
8.912500	0.077165
8.937500	0.075629
8.962500	0.074006
8.987500	0.072605
9.012500	0.071209
9.037500	0.069862
9.062500	0.068430
9.087500	0.067113
9.112500	0.065852
9.137500	0.064744
9.162500	0.063838
9.187500	0.062627
9.212500	0.061469
9.237500	0.060415
9.262500	0.059338
9.287500	0.058273
9.312500	0.057128
9.337500	0.056013
9.362500	0.055018
9.387500	0.053920
9.412500	0.052919
9.437500	0.051650
9.462500	0.050763
9.487500	0.049662
9.512500	0.048656
9.537500	0.047917
9.562500	0.046976
9.587500	0.046140
9.612500	0.045275
9.637500	0.044536
9.662500	0.043519
9.687500	0.042437
9.712500	0.041524
9.737500	0.040639
9.762500	0.039936
9.787500	0.039091
9.812500	0.038294
9.837500	0.037406
9.862500	0.036674
9.887500	0.035963
9.912500	0.035250
9.937500	0.034711
9.962500	0.034138
9.987500	0.033620
10.012500	0.032950
10.037500	0.032181
10.062500	0.031589
10.087500	0.031152
10.112500	0.030534
10.137500	0.029952
10.162500	0.029331
10.187500	0.028772
10.212500	0.028220
10.237500	0.027419
10.262500	0.026693
10.287500	0.026225
10.312500	0.025892
10.337500	0.025396
10.362500	0.025027
10.387500	0.024463
10.412500	0.023855
10.437500	0.023258
10.462500	0.022755
10.487500	0.022284
10.512500	0.021766
10.537500	0.021355
10.562500	0.020911
10.587500	0.020552
10.612500	0.020175
10.637500	0.019762
10.662500	0.019247
10.687500	0.018920
10.712500	0.018304
10.737500	0.018030
10.762500	0.017497
10.787500	0.017163
10.812500	0.016934
10.837500	0.016496
10.862500	0.016087
10.887500	0.015804
10.912500	0.015407
10.937500	0.014925
10.962500	0.014668
10.987500	0.014252
11.012500	0.013858
11.037500	0.013542
11.062500	0.013215
11.087500	0.012887
11.112500	0.012676
11.137500	0.012387
11.162500	0.012228
11.187500	0.012071
11.212500	0.011834
11.237500	0.011685
11.262500	0.011479
11.287500	0.011157
11.312500	0.010881
11.337500	0.010683
11.362500	0.010458
11.387500	0.010225
11.412500	0.009878
11.437500	0.009593
11.462500	0.009487
11.487500	0.009282
11.512500	0.009065
11.537500	0.008883
11.562500	0.008624
11.587500	0.008510
11.612500	0.008270
11.637500	0.008088
11.662500	0.007871
11.687500	0.007781
11.712500	0.007594
11.737500	0.007525
11.762500	0.007399
11.787500	0.007233
11.812500	0.007054
11.837500	0.006961
11.862500	0.006694
11.887500	0.006674
11.912500	0.006470
11.937500	0.006447
11.962500	0.006302
11.987500	0.006119
12.012500	0.006069
12.037500	0.005873
12.062500	0.005768
12.087500	0.005655
12.112500	0.005693
12.137500	0.005560
12.162500	0.005481
12.187500	0.005364
12.212500	0.005296
12.237500	0.005255
12.262500	0.005114
12.287500	0.005030
12.312500	0.004914
12.337500	0.004716
12.362500	0.004641
12.387500	0.004533
12.412500	0.004409
12.437500	0.004285
12.462500	0.004251
12.487500	0.004159
12.512500	0.004063
12.537500	0.003996
12.562500	0.003946
12.587500	0.003897
12.612500	0.003826
12.637500	0.003771
12.662500	0.003684
12.687500	0.003608
12.712500	0.003482
12.737500	0.003505
12.762500	0.003431
12.787500	0.003371
12.812500	0.003267
12.837500	0.003155
12.862500	0.003072
12.887500	0.002945
12.912500	0.002898
12.937500	0.002805
12.962500	0.002805
12.987500	0.002717
13.012500	0.002664
13.037500	0.002559
13.062500	0.002508
13.087500	0.002441
13.112500	0.002366
13.137500	0.002304
13.162500	0.002198
13.187500	0.002183
13.212500	0.002122
13.237500	0.002116
13.262500	0.002082
13.287500	0.002042
13.312500	0.001982
13.337500	0.001986
13.362500	0.001929
13.387500	0.001900
13.412500	0.001842
13.437500	0.001848
13.462500	0.001802
13.487500	0.001788
13.512500	0.001702
13.537500	0.001671
13.562500	0.001591
13.587500	0.001543
13.612500	0.001500
13.637500	0.001511
13.662500	0.001473
13.687500	0.001440
13.712500	0.001409
13.737500	0.001343
13.762500	0.001324
13.787500	0.001275
13.812500	0.001257
13.837500	0.001211
13.862500	0.001196
13.887500	0.001156
13.912500	0.001153
13.937500	0.001104
13.962500	0.001119
13.987500	0.001098
14.012500	0.001085
14.037500	0.001060
14.062500	0.000999
14.087500	0.000966
14.112500	0.000957
14.137500	0.000941
14.162500	0.000940
14.187500	0.000950
14.212500	0.000928
14.237500	0.000916
14.262500	0.000903
14.287500	0.000862
14.312500	0.000845
14.337500	0.000787
14.362500	0.000786
14.387500	0.000743
14.412500	0.000733
14.437500	0.000719
14.462500	0.000715
14.487500	0.000694
14.512500	0.000668
14.537500	0.000649
14.562500	0.000636
14.587500	0.000622
14.612500	0.000612
14.637500	0.000591
14.662500	0.000581
14.687500	0.000573
14.712500	0.000560
14.737500	0.000498
14.762500	0.000485
14.787500	0.000453
14.812500	0.000447
14.837500	0.000447
14.862500	0.000456
14.887500	0.000436
14.912500	0.000421
14.937500	0.000423
14.962500	0.000424
14.987500	0.000414
15.012500	0.000441
15.037500	0.000411
15.062500	0.000415
15.087500	0.000419
15.112500	0.000387
15.137500	0.000376
15.162500	0.000396
15.187500	0.000377
15.212500	0.000380
15.237500	0.000359
15.262500	0.000366
15.287500	0.000361
15.312500	0.000346
15.337500	0.000352
15.362500	0.000325
15.387500	0.000310
15.412500	0.000297
15.437500	0.000298
15.462500	0.000309
15.487500	0.000310
15.512500	0.000300
15.537500	0.000296
15.562500	0.000276
15.587500	0.000256
15.612500	0.000251
15.637500	0.000241
15.662500	0.000238
15.687500	0.000207
15.712500	0.000218
15.737500	0.000214
15.762500	0.000198
15.787500	0.000209
15.812500	0.000207
15.837500	0.000205
15.862500	0.000197
15.887500	0.000194
15.912500	0.000198
15.937500	0.000177
15.962500	0.000181
15.987500	0.000187
16.012500	0.000185
16.037500	0.000169
16.062500	0.000154
16.087500	0.000157
16.112500	0.000138
16.137500	0.000139
16.162500	0.000133
16.187500	0.000126
16.212500	0.000124
16.237500	0.000118
16.262500	0.000107
16.287500	0.000106
16.312500	0.000112
16.337500	0.000105
16.362500	0.000101
16.387500	0.000094
16.412500	0.000091
16.437500	0.000088
16.462500	0.000088
16.487500	0.000085
16.512500	0.000083
16.537500	0.000083
16.562500	0.000089
16.587500	0.000087
16.612500	0.000095
16.637500	0.000096
16.662500	0.000095
16.687500	0.000073
16.712500	0.000073
16.737500	0.000071
16.762500	0.000071
16.787500	0.000072
16.812500	0.000061
16.837500	0.000067
16.862500	0.000066
16.887500	0.000069
16.912500	0.000070
16.937500	0.000070
16.962500	0.000065
16.987500	0.000062
17.012500	0.000070
17.037500	0.000065
17.062500	0.000072
17.087500	0.000074
17.112500	0.000075
17.137500	0.000077
17.162500	0.000078
17.187500	0.000074
17.212500	0.000065
17.237500	0.000070
17.262500	0.000065
17.287500	0.000062
17.312500	0.000056
17.337500	0.000067
17.362500	0.000069
17.387500	0.000067
17.412500	0.000068
17.437500	0.000063
17.462500	0.000066
17.487500	0.000056
17.512500	0.000053
17.537500	0.000056
17.562500	0.000060
17.587500	0.000058
17.612500	0.000062
17.637500	0.000058
17.662500	0.000059
17.687500	0.000062
17.712500	0.000059
17.737500	0.000058
17.762500	0.000068
17.787500	0.000062
17.812500	0.000063
17.837500	0.000062
17.862500	0.000071
17.887500	0.000070
17.912500	0.000062
17.937500	0.000068
17.962500	0.000059
17.987500	0.000070
18.012500	0.000068
18.037500	0.000066
18.062500	0.000072
18.087500	0.000070
18.112500	0.000070
18.137500	0.000068
18.162500	0.000065
18.187500	0.000062
18.212500	0.000061
18.237500	0.000059
18.262500	0.000049
18.287500	0.000050
18.312500	0.000046
18.337500	0.000046
18.362500	0.000041
18.387500	0.000039
18.412500	0.000031
18.437500	0.000035
18.462500	0.000034
18.487500	0.000027
18.512500	0.000023
18.537500	0.000022
18.562500	0.000019
18.587500	0.000013
18.612500	0.000014
18.637500	0.000012
18.662500	0.000014
18.687500	0.000014
18.712500	0.000014
18.737500	0.000011
18.762500	0.000013
18.787500	0.000009
18.812500	0.000010
18.837500	0.000009
18.862500	0.000009
18.887500	0.000009
18.912500	0.000007
18.937500	0.000006
18.962500	0.000006
18.987500	0.000007
19.012500	0.000007
19.037500	0.000008
19.062500	0.000014
19.087500	0.000011
19.112500	0.000010
19.137500	0.000009
19.162500	0.000009
19.187500	0.000009
19.212500	0.000015
19.237500	0.000014
19.262500	0.000015
19.287500	0.000014
19.312500	0.000014
19.337500	0.000014
19.362500	0.000012
19.387500	0.000017
19.412500	0.000017
19.437500	0.000018
19.462500	0.000013
19.487500	0.000014
19.512500	0.000018
19.537500	0.000014
19.562500	0.000017
19.587500	0.000012
19.612500	0.000012
19.637500	0.000014
19.662500	0.000017
19.687500	0.000013
19.712500	0.000014
19.737500	0.000015
19.762500	0.000015
19.787500	0.000016
19.812500	0.000014
19.837500	0.000014
19.862500	0.000014
19.887500	0.000013
19.912500	0.000013
19.937500	0.000013
19.962500	0.000017
19.987500	0.000013

