Steps in energie.txt =  200000
Steps di statistica =  196999
Media Et =  0.5000689235478353
std Et =  0.031138045912329815
Optimal block = [7]
BlockTuple(block=7, ndata=1539, mean=array(0.50006846), cov=array(9.72041899e-06), std_err=array(7.94736543e-05), std_err_err=array(1.43294664e-06))
reblock
0     196999
1      98499
2      49249
3      24624
4      12312
5       6156
6       3078
7       1539
8        769
9        384
10       192
11        96
12        48
13        24
14        12
15         6
16         3
Name: data length, dtype: int64
             data                                                  
             mean standard error standard error error optimal block
reblock                                                            
0        0.500069       0.000070         1.117672e-07              
1        0.500069       0.000070         1.577661e-07              
2        0.500069       0.000070         2.238693e-07              
3        0.500068       0.000071         3.186404e-07              
4        0.500068       0.000072         4.566591e-07              
5        0.500068       0.000073         6.602374e-07              
6        0.500068       0.000076         9.645012e-07              
7        0.500068       0.000079         1.432947e-06      <---    
8        0.500068       0.000083         2.106506e-06              
9        0.500071       0.000090         3.238570e-06              
10       0.500071       0.000093         4.773326e-06              
11       0.500071       0.000094         6.842403e-06              
12       0.500071       0.000095         9.814780e-06              
13       0.500071       0.000088         1.296463e-05              
14       0.500071       0.000099         2.102045e-05              
15       0.500071       0.000087         2.745262e-05              
16       0.500071       0.000117         5.850722e-05              
