-10.995000	0.000000
-10.985000	0.000000
-10.975000	0.000000
-10.965000	0.000000
-10.955000	0.000000
-10.945000	0.000000
-10.935000	0.000000
-10.925000	0.000000
-10.915000	0.000000
-10.905000	0.000000
-10.895000	0.000000
-10.885000	0.000000
-10.875000	0.000000
-10.865000	0.000000
-10.855000	0.000000
-10.845000	0.000000
-10.835000	0.000000
-10.825000	0.000000
-10.815000	0.000000
-10.805000	0.000000
-10.795000	0.000000
-10.785000	0.000000
-10.775000	0.000000
-10.765000	0.000000
-10.755000	0.000000
-10.745000	0.000000
-10.735000	0.000000
-10.725000	0.000000
-10.715000	0.000000
-10.705000	0.000000
-10.695000	0.000000
-10.685000	0.000000
-10.675000	0.000000
-10.665000	0.000000
-10.655000	0.000000
-10.645000	0.000000
-10.635000	0.000000
-10.625000	0.000000
-10.615000	0.000000
-10.605000	0.000000
-10.595000	0.000000
-10.585000	0.000000
-10.575000	0.000000
-10.565000	0.000000
-10.555000	0.000000
-10.545000	0.000000
-10.535000	0.000000
-10.525000	0.000000
-10.515000	0.000000
-10.505000	0.000000
-10.495000	0.000000
-10.485000	0.000000
-10.475000	0.000000
-10.465000	0.000000
-10.455000	0.000000
-10.445000	0.000000
-10.435000	0.000000
-10.425000	0.000000
-10.415000	0.000000
-10.405000	0.000000
-10.395000	0.000000
-10.385000	0.000000
-10.375000	0.000000
-10.365000	0.000000
-10.355000	0.000000
-10.345000	0.000000
-10.335000	0.000000
-10.325000	0.000000
-10.315000	0.000000
-10.305000	0.000000
-10.295000	0.000000
-10.285000	0.000000
-10.275000	0.000000
-10.265000	0.000000
-10.255000	0.000000
-10.245000	0.000000
-10.235000	0.000000
-10.225000	0.000000
-10.215000	0.000000
-10.205000	0.000000
-10.195000	0.000000
-10.185000	0.000000
-10.175000	0.000000
-10.165000	0.000000
-10.155000	0.000000
-10.145000	0.000000
-10.135000	0.000000
-10.125000	0.000000
-10.115000	0.000000
-10.105000	0.000000
-10.095000	0.000000
-10.085000	0.000000
-10.075000	0.000000
-10.065000	0.000000
-10.055000	0.000000
-10.045000	0.000000
-10.035000	0.000000
-10.025000	0.000000
-10.015000	0.000000
-10.005000	0.000000
-9.995000	0.000000
-9.985000	0.000000
-9.975000	0.000000
-9.965000	0.000000
-9.955000	0.000000
-9.945000	0.000000
-9.935000	0.000000
-9.925000	0.000000
-9.915000	0.000000
-9.905000	0.000000
-9.895000	0.000000
-9.885000	0.000000
-9.875000	0.000000
-9.865000	0.000000
-9.855000	0.000000
-9.845000	0.000000
-9.835000	0.000000
-9.825000	0.000000
-9.815000	0.000000
-9.805000	0.000000
-9.795000	0.000000
-9.785000	0.000000
-9.775000	0.000000
-9.765000	0.000000
-9.755000	0.000000
-9.745000	0.000000
-9.735000	0.000000
-9.725000	0.000000
-9.715000	0.000000
-9.705000	0.000000
-9.695000	0.000000
-9.685000	0.000000
-9.675000	0.000000
-9.665000	0.000000
-9.655000	0.000000
-9.645000	0.000000
-9.635000	0.000000
-9.625000	0.000000
-9.615000	0.000000
-9.605000	0.000000
-9.595000	0.000000
-9.585000	0.000000
-9.575000	0.000000
-9.565000	0.000000
-9.555000	0.000000
-9.545000	0.000000
-9.535000	0.000000
-9.525000	0.000000
-9.515000	0.000000
-9.505000	0.000000
-9.495000	0.000000
-9.485000	0.000000
-9.475000	0.000000
-9.465000	0.000000
-9.455000	0.000000
-9.445000	0.000000
-9.435000	0.000000
-9.425000	0.000000
-9.415000	0.000000
-9.405000	0.000000
-9.395000	0.000000
-9.385000	0.000000
-9.375000	0.000000
-9.365000	0.000000
-9.355000	0.000000
-9.345000	0.000000
-9.335000	0.000000
-9.325000	0.000000
-9.315000	0.000000
-9.305000	0.000000
-9.295000	0.000000
-9.285000	0.000000
-9.275000	0.000000
-9.265000	0.000000
-9.255000	0.000000
-9.245000	0.000000
-9.235000	0.000000
-9.225000	0.000000
-9.215000	0.000000
-9.205000	0.000000
-9.195000	0.000000
-9.185000	0.000000
-9.175000	0.000000
-9.165000	0.000000
-9.155000	0.000000
-9.145000	0.000000
-9.135000	0.000000
-9.125000	0.000000
-9.115000	0.000000
-9.105000	0.000000
-9.095000	0.000000
-9.085000	0.000000
-9.075000	0.000000
-9.065000	0.000000
-9.055000	0.000000
-9.045000	0.000000
-9.035000	0.000000
-9.025000	0.000000
-9.015000	0.000000
-9.005000	0.000000
-8.995000	0.000000
-8.985000	0.000001
-8.975000	0.000001
-8.965000	0.000001
-8.955000	0.000001
-8.945000	0.000001
-8.935000	0.000001
-8.925000	0.000001
-8.915000	0.000001
-8.905000	0.000001
-8.895000	0.000001
-8.885000	0.000001
-8.875000	0.000001
-8.865000	0.000001
-8.855000	0.000001
-8.845000	0.000001
-8.835000	0.000001
-8.825000	0.000001
-8.815000	0.000001
-8.805000	0.000001
-8.795000	0.000001
-8.785000	0.000001
-8.775000	0.000001
-8.765000	0.000001
-8.755000	0.000001
-8.745000	0.000001
-8.735000	0.000001
-8.725000	0.000001
-8.715000	0.000001
-8.705000	0.000001
-8.695000	0.000001
-8.685000	0.000001
-8.675000	0.000001
-8.665000	0.000001
-8.655000	0.000001
-8.645000	0.000001
-8.635000	0.000002
-8.625000	0.000002
-8.615000	0.000002
-8.605000	0.000002
-8.595000	0.000002
-8.585000	0.000002
-8.575000	0.000002
-8.565000	0.000002
-8.555000	0.000002
-8.545000	0.000002
-8.535000	0.000002
-8.525000	0.000002
-8.515000	0.000002
-8.505000	0.000002
-8.495000	0.000002
-8.485000	0.000002
-8.475000	0.000003
-8.465000	0.000003
-8.455000	0.000003
-8.445000	0.000003
-8.435000	0.000003
-8.425000	0.000003
-8.415000	0.000003
-8.405000	0.000003
-8.395000	0.000003
-8.385000	0.000003
-8.375000	0.000004
-8.365000	0.000004
-8.355000	0.000004
-8.345000	0.000004
-8.335000	0.000004
-8.325000	0.000004
-8.315000	0.000004
-8.305000	0.000005
-8.295000	0.000005
-8.285000	0.000005
-8.275000	0.000005
-8.265000	0.000005
-8.255000	0.000005
-8.245000	0.000006
-8.235000	0.000006
-8.225000	0.000006
-8.215000	0.000006
-8.205000	0.000006
-8.195000	0.000007
-8.185000	0.000007
-8.175000	0.000007
-8.165000	0.000007
-8.155000	0.000008
-8.145000	0.000008
-8.135000	0.000008
-8.125000	0.000008
-8.115000	0.000009
-8.105000	0.000009
-8.095000	0.000009
-8.085000	0.000010
-8.075000	0.000010
-8.065000	0.000010
-8.055000	0.000011
-8.045000	0.000011
-8.035000	0.000011
-8.025000	0.000012
-8.015000	0.000012
-8.005000	0.000012
-7.995000	0.000013
-7.985000	0.000013
-7.975000	0.000013
-7.965000	0.000014
-7.955000	0.000014
-7.945000	0.000015
-7.935000	0.000015
-7.925000	0.000016
-7.915000	0.000016
-7.905000	0.000017
-7.895000	0.000017
-7.885000	0.000018
-7.875000	0.000018
-7.865000	0.000019
-7.855000	0.000019
-7.845000	0.000020
-7.835000	0.000021
-7.825000	0.000021
-7.815000	0.000022
-7.805000	0.000023
-7.795000	0.000023
-7.785000	0.000024
-7.775000	0.000025
-7.765000	0.000025
-7.755000	0.000026
-7.745000	0.000027
-7.735000	0.000028
-7.725000	0.000029
-7.715000	0.000029
-7.705000	0.000030
-7.695000	0.000031
-7.685000	0.000032
-7.675000	0.000034
-7.665000	0.000034
-7.655000	0.000035
-7.645000	0.000037
-7.635000	0.000037
-7.625000	0.000038
-7.615000	0.000040
-7.605000	0.000041
-7.595000	0.000042
-7.585000	0.000043
-7.575000	0.000045
-7.565000	0.000046
-7.555000	0.000047
-7.545000	0.000049
-7.535000	0.000050
-7.525000	0.000051
-7.515000	0.000053
-7.505000	0.000054
-7.495000	0.000056
-7.485000	0.000058
-7.475000	0.000059
-7.465000	0.000061
-7.455000	0.000063
-7.445000	0.000065
-7.435000	0.000067
-7.425000	0.000068
-7.415000	0.000071
-7.405000	0.000073
-7.395000	0.000074
-7.385000	0.000077
-7.375000	0.000079
-7.365000	0.000082
-7.355000	0.000083
-7.345000	0.000087
-7.335000	0.000088
-7.325000	0.000091
-7.315000	0.000094
-7.305000	0.000097
-7.295000	0.000099
-7.285000	0.000102
-7.275000	0.000105
-7.265000	0.000109
-7.255000	0.000111
-7.245000	0.000114
-7.235000	0.000117
-7.225000	0.000120
-7.215000	0.000124
-7.205000	0.000127
-7.195000	0.000130
-7.185000	0.000133
-7.175000	0.000137
-7.165000	0.000141
-7.155000	0.000144
-7.145000	0.000148
-7.135000	0.000153
-7.125000	0.000157
-7.115000	0.000161
-7.105000	0.000166
-7.095000	0.000171
-7.085000	0.000176
-7.075000	0.000180
-7.065000	0.000186
-7.055000	0.000191
-7.045000	0.000196
-7.035000	0.000201
-7.025000	0.000206
-7.015000	0.000212
-7.005000	0.000217
-6.995000	0.000223
-6.985000	0.000229
-6.975000	0.000235
-6.965000	0.000241
-6.955000	0.000248
-6.945000	0.000254
-6.935000	0.000262
-6.925000	0.000269
-6.915000	0.000276
-6.905000	0.000283
-6.895000	0.000291
-6.885000	0.000298
-6.875000	0.000307
-6.865000	0.000315
-6.855000	0.000323
-6.845000	0.000332
-6.835000	0.000340
-6.825000	0.000350
-6.815000	0.000360
-6.805000	0.000369
-6.795000	0.000379
-6.785000	0.000391
-6.775000	0.000400
-6.765000	0.000412
-6.755000	0.000421
-6.745000	0.000433
-6.735000	0.000444
-6.725000	0.000455
-6.715000	0.000468
-6.705000	0.000480
-6.695000	0.000492
-6.685000	0.000504
-6.675000	0.000517
-6.665000	0.000531
-6.655000	0.000545
-6.645000	0.000558
-6.635000	0.000573
-6.625000	0.000587
-6.615000	0.000602
-6.605000	0.000617
-6.595000	0.000633
-6.585000	0.000650
-6.575000	0.000666
-6.565000	0.000682
-6.555000	0.000699
-6.545000	0.000716
-6.535000	0.000735
-6.525000	0.000753
-6.515000	0.000772
-6.505000	0.000791
-6.495000	0.000810
-6.485000	0.000832
-6.475000	0.000852
-6.465000	0.000873
-6.455000	0.000893
-6.445000	0.000916
-6.435000	0.000939
-6.425000	0.000962
-6.415000	0.000985
-6.405000	0.001009
-6.395000	0.001035
-6.385000	0.001061
-6.375000	0.001087
-6.365000	0.001114
-6.355000	0.001141
-6.345000	0.001168
-6.335000	0.001196
-6.325000	0.001226
-6.315000	0.001256
-6.305000	0.001286
-6.295000	0.001316
-6.285000	0.001348
-6.275000	0.001382
-6.265000	0.001415
-6.255000	0.001449
-6.245000	0.001484
-6.235000	0.001521
-6.225000	0.001555
-6.215000	0.001591
-6.205000	0.001630
-6.195000	0.001669
-6.185000	0.001706
-6.175000	0.001750
-6.165000	0.001789
-6.155000	0.001832
-6.145000	0.001876
-6.135000	0.001920
-6.125000	0.001964
-6.115000	0.002010
-6.105000	0.002056
-6.095000	0.002106
-6.085000	0.002153
-6.075000	0.002202
-6.065000	0.002256
-6.055000	0.002307
-6.045000	0.002357
-6.035000	0.002414
-6.025000	0.002468
-6.015000	0.002525
-6.005000	0.002580
-5.995000	0.002641
-5.985000	0.002701
-5.975000	0.002760
-5.965000	0.002823
-5.955000	0.002889
-5.945000	0.002955
-5.935000	0.003023
-5.925000	0.003091
-5.915000	0.003161
-5.905000	0.003229
-5.895000	0.003298
-5.885000	0.003370
-5.875000	0.003450
-5.865000	0.003525
-5.855000	0.003605
-5.845000	0.003687
-5.835000	0.003768
-5.825000	0.003852
-5.815000	0.003935
-5.805000	0.004021
-5.795000	0.004113
-5.785000	0.004202
-5.775000	0.004295
-5.765000	0.004382
-5.755000	0.004484
-5.745000	0.004580
-5.735000	0.004678
-5.725000	0.004782
-5.715000	0.004891
-5.705000	0.004995
-5.695000	0.005097
-5.685000	0.005210
-5.675000	0.005323
-5.665000	0.005440
-5.655000	0.005553
-5.645000	0.005672
-5.635000	0.005792
-5.625000	0.005916
-5.615000	0.006040
-5.605000	0.006166
-5.595000	0.006296
-5.585000	0.006429
-5.575000	0.006564
-5.565000	0.006708
-5.555000	0.006849
-5.545000	0.006988
-5.535000	0.007136
-5.525000	0.007284
-5.515000	0.007435
-5.505000	0.007591
-5.495000	0.007746
-5.485000	0.007901
-5.475000	0.008063
-5.465000	0.008231
-5.455000	0.008400
-5.445000	0.008567
-5.435000	0.008738
-5.425000	0.008917
-5.415000	0.009103
-5.405000	0.009289
-5.395000	0.009469
-5.385000	0.009664
-5.375000	0.009858
-5.365000	0.010061
-5.355000	0.010261
-5.345000	0.010466
-5.335000	0.010678
-5.325000	0.010887
-5.315000	0.011103
-5.305000	0.011325
-5.295000	0.011548
-5.285000	0.011778
-5.275000	0.012007
-5.265000	0.012244
-5.255000	0.012486
-5.245000	0.012728
-5.235000	0.012975
-5.225000	0.013231
-5.215000	0.013483
-5.205000	0.013749
-5.195000	0.014015
-5.185000	0.014288
-5.175000	0.014565
-5.165000	0.014843
-5.155000	0.015128
-5.145000	0.015424
-5.135000	0.015714
-5.125000	0.016019
-5.115000	0.016315
-5.105000	0.016634
-5.095000	0.016935
-5.085000	0.017256
-5.075000	0.017582
-5.065000	0.017911
-5.055000	0.018251
-5.045000	0.018593
-5.035000	0.018936
-5.025000	0.019296
-5.015000	0.019647
-5.005000	0.020014
-4.995000	0.020379
-4.985000	0.020757
-4.975000	0.021145
-4.965000	0.021531
-4.955000	0.021922
-4.945000	0.022320
-4.935000	0.022725
-4.925000	0.023142
-4.915000	0.023556
-4.905000	0.023990
-4.895000	0.024420
-4.885000	0.024857
-4.875000	0.025310
-4.865000	0.025762
-4.855000	0.026224
-4.845000	0.026691
-4.835000	0.027162
-4.825000	0.027650
-4.815000	0.028133
-4.805000	0.028628
-4.795000	0.029134
-4.785000	0.029645
-4.775000	0.030163
-4.765000	0.030692
-4.755000	0.031224
-4.745000	0.031767
-4.735000	0.032316
-4.725000	0.032881
-4.715000	0.033443
-4.705000	0.034023
-4.695000	0.034607
-4.685000	0.035207
-4.675000	0.035796
-4.665000	0.036413
-4.655000	0.037033
-4.645000	0.037654
-4.635000	0.038283
-4.625000	0.038924
-4.615000	0.039580
-4.605000	0.040238
-4.595000	0.040913
-4.585000	0.041591
-4.575000	0.042278
-4.565000	0.042984
-4.555000	0.043687
-4.545000	0.044427
-4.535000	0.045135
-4.525000	0.045867
-4.515000	0.046625
-4.505000	0.047393
-4.495000	0.048168
-4.485000	0.048928
-4.475000	0.049728
-4.465000	0.050527
-4.455000	0.051345
-4.445000	0.052168
-4.435000	0.052989
-4.425000	0.053834
-4.415000	0.054708
-4.405000	0.055570
-4.395000	0.056452
-4.385000	0.057334
-4.375000	0.058229
-4.365000	0.059134
-4.355000	0.060064
-4.345000	0.061016
-4.335000	0.061955
-4.325000	0.062915
-4.315000	0.063890
-4.305000	0.064854
-4.295000	0.065864
-4.285000	0.066863
-4.275000	0.067876
-4.265000	0.068918
-4.255000	0.069958
-4.245000	0.071010
-4.235000	0.072077
-4.225000	0.073162
-4.215000	0.074262
-4.205000	0.075376
-4.195000	0.076488
-4.185000	0.077624
-4.175000	0.078780
-4.165000	0.079933
-4.155000	0.081115
-4.145000	0.082299
-4.135000	0.083503
-4.125000	0.084724
-4.115000	0.085938
-4.105000	0.087208
-4.095000	0.088443
-4.085000	0.089709
-4.075000	0.091012
-4.065000	0.092315
-4.055000	0.093621
-4.045000	0.094955
-4.035000	0.096287
-4.025000	0.097656
-4.015000	0.099034
-4.005000	0.100427
-3.995000	0.101811
-3.985000	0.103235
-3.975000	0.104682
-3.965000	0.106126
-3.955000	0.107574
-3.945000	0.109062
-3.935000	0.110568
-3.925000	0.112057
-3.915000	0.113587
-3.905000	0.115111
-3.895000	0.116683
-3.885000	0.118263
-3.875000	0.119851
-3.865000	0.121434
-3.855000	0.123062
-3.845000	0.124691
-3.835000	0.126359
-3.825000	0.128008
-3.815000	0.129709
-3.805000	0.131414
-3.795000	0.133107
-3.785000	0.134848
-3.775000	0.136597
-3.765000	0.138347
-3.755000	0.140130
-3.745000	0.141947
-3.735000	0.143761
-3.725000	0.145607
-3.715000	0.147442
-3.705000	0.149308
-3.695000	0.151211
-3.685000	0.153102
-3.675000	0.155003
-3.665000	0.156946
-3.655000	0.158887
-3.645000	0.160853
-3.635000	0.162831
-3.625000	0.164843
-3.615000	0.166874
-3.605000	0.168896
-3.595000	0.170967
-3.585000	0.173031
-3.575000	0.175097
-3.565000	0.177199
-3.555000	0.179324
-3.545000	0.181452
-3.535000	0.183585
-3.525000	0.185772
-3.515000	0.187961
-3.505000	0.190155
-3.495000	0.192376
-3.485000	0.194612
-3.475000	0.196849
-3.465000	0.199137
-3.455000	0.201440
-3.445000	0.203721
-3.435000	0.206043
-3.425000	0.208369
-3.415000	0.210717
-3.405000	0.213084
-3.395000	0.215483
-3.385000	0.217882
-3.375000	0.220288
-3.365000	0.222733
-3.355000	0.225171
-3.345000	0.227640
-3.335000	0.230116
-3.325000	0.232638
-3.315000	0.235146
-3.305000	0.237682
-3.295000	0.240214
-3.285000	0.242764
-3.275000	0.245358
-3.265000	0.247956
-3.255000	0.250569
-3.245000	0.253146
-3.235000	0.255803
-3.225000	0.258465
-3.215000	0.261119
-3.205000	0.263799
-3.195000	0.266518
-3.185000	0.269214
-3.175000	0.271961
-3.165000	0.274720
-3.155000	0.277445
-3.145000	0.280212
-3.135000	0.282984
-3.125000	0.285785
-3.115000	0.288618
-3.105000	0.291423
-3.095000	0.294284
-3.085000	0.297130
-3.075000	0.299989
-3.065000	0.302881
-3.055000	0.305752
-3.045000	0.308668
-3.035000	0.311594
-3.025000	0.314519
-3.015000	0.317457
-3.005000	0.320419
-2.995000	0.323367
-2.985000	0.326355
-2.975000	0.329356
-2.965000	0.332358
-2.955000	0.335317
-2.945000	0.338372
-2.935000	0.341369
-2.925000	0.344386
-2.915000	0.347453
-2.905000	0.350482
-2.895000	0.353595
-2.885000	0.356633
-2.875000	0.359735
-2.865000	0.362795
-2.855000	0.365932
-2.845000	0.369049
-2.835000	0.372160
-2.825000	0.375297
-2.815000	0.378428
-2.805000	0.381568
-2.795000	0.384732
-2.785000	0.387853
-2.775000	0.391081
-2.765000	0.394193
-2.755000	0.397345
-2.745000	0.400538
-2.735000	0.403719
-2.725000	0.406891
-2.715000	0.410084
-2.705000	0.413236
-2.695000	0.416425
-2.685000	0.419677
-2.675000	0.422864
-2.665000	0.426054
-2.655000	0.429240
-2.645000	0.432469
-2.635000	0.435691
-2.625000	0.438902
-2.615000	0.442109
-2.605000	0.445339
-2.595000	0.448538
-2.585000	0.451744
-2.575000	0.454943
-2.565000	0.458192
-2.555000	0.461376
-2.545000	0.464571
-2.535000	0.467799
-2.525000	0.471020
-2.515000	0.474190
-2.505000	0.477392
-2.495000	0.480573
-2.485000	0.483798
-2.475000	0.487008
-2.465000	0.490191
-2.455000	0.493335
-2.445000	0.496505
-2.435000	0.499681
-2.425000	0.502855
-2.415000	0.505986
-2.405000	0.509141
-2.395000	0.512300
-2.385000	0.515415
-2.375000	0.518505
-2.365000	0.521635
-2.355000	0.524777
-2.345000	0.527857
-2.335000	0.530977
-2.325000	0.534010
-2.315000	0.537087
-2.305000	0.540107
-2.295000	0.543159
-2.285000	0.546171
-2.275000	0.549175
-2.265000	0.552151
-2.255000	0.555104
-2.245000	0.558076
-2.235000	0.560998
-2.225000	0.563970
-2.215000	0.566827
-2.205000	0.569767
-2.195000	0.572612
-2.185000	0.575531
-2.175000	0.578346
-2.165000	0.581162
-2.155000	0.583998
-2.145000	0.586776
-2.135000	0.589507
-2.125000	0.592254
-2.115000	0.594982
-2.105000	0.597670
-2.095000	0.600411
-2.085000	0.603069
-2.075000	0.605708
-2.065000	0.608289
-2.055000	0.610891
-2.045000	0.613397
-2.035000	0.615982
-2.025000	0.618462
-2.015000	0.620933
-2.005000	0.623455
-1.995000	0.625849
-1.985000	0.628245
-1.975000	0.630666
-1.965000	0.632999
-1.955000	0.635291
-1.945000	0.637580
-1.935000	0.639865
-1.925000	0.642086
-1.915000	0.644240
-1.905000	0.646400
-1.895000	0.648552
-1.885000	0.650654
-1.875000	0.652669
-1.865000	0.654666
-1.855000	0.656693
-1.845000	0.658627
-1.835000	0.660549
-1.825000	0.662430
-1.815000	0.664309
-1.805000	0.666106
-1.795000	0.667879
-1.785000	0.669604
-1.775000	0.671340
-1.765000	0.672925
-1.755000	0.674563
-1.745000	0.676191
-1.735000	0.677720
-1.725000	0.679212
-1.715000	0.680700
-1.705000	0.682092
-1.695000	0.683489
-1.685000	0.684812
-1.675000	0.686123
-1.665000	0.687372
-1.655000	0.688576
-1.645000	0.689751
-1.635000	0.690871
-1.625000	0.691885
-1.615000	0.692919
-1.605000	0.693890
-1.595000	0.694885
-1.585000	0.695709
-1.575000	0.696560
-1.565000	0.697353
-1.555000	0.698071
-1.545000	0.698792
-1.535000	0.699380
-1.525000	0.700006
-1.515000	0.700550
-1.505000	0.701043
-1.495000	0.701434
-1.485000	0.701857
-1.475000	0.702188
-1.465000	0.702559
-1.455000	0.702760
-1.445000	0.702933
-1.435000	0.703026
-1.425000	0.703115
-1.415000	0.703195
-1.405000	0.703166
-1.395000	0.703061
-1.385000	0.702898
-1.375000	0.702747
-1.365000	0.702469
-1.355000	0.702210
-1.345000	0.701822
-1.335000	0.701417
-1.325000	0.700959
-1.315000	0.700425
-1.305000	0.699840
-1.295000	0.699233
-1.285000	0.698586
-1.275000	0.697822
-1.265000	0.697010
-1.255000	0.696147
-1.245000	0.695234
-1.235000	0.694193
-1.225000	0.693183
-1.215000	0.692107
-1.205000	0.690936
-1.195000	0.689726
-1.185000	0.688457
-1.175000	0.687148
-1.165000	0.685785
-1.155000	0.684342
-1.145000	0.682853
-1.135000	0.681263
-1.125000	0.679632
-1.115000	0.677910
-1.105000	0.676161
-1.095000	0.674379
-1.085000	0.672455
-1.075000	0.670574
-1.065000	0.668599
-1.055000	0.666572
-1.045000	0.664439
-1.035000	0.662318
-1.025000	0.660035
-1.015000	0.657796
-1.005000	0.655428
-0.995000	0.653033
-0.985000	0.650595
-0.975000	0.648027
-0.965000	0.645503
-0.955000	0.642834
-0.945000	0.640116
-0.935000	0.637320
-0.925000	0.634520
-0.915000	0.631656
-0.905000	0.628724
-0.895000	0.625704
-0.885000	0.622619
-0.875000	0.619521
-0.865000	0.616359
-0.855000	0.613076
-0.845000	0.609784
-0.835000	0.606444
-0.825000	0.602985
-0.815000	0.599491
-0.805000	0.595932
-0.795000	0.592364
-0.785000	0.588744
-0.775000	0.585024
-0.765000	0.581267
-0.755000	0.577468
-0.745000	0.573568
-0.735000	0.569621
-0.725000	0.565643
-0.715000	0.561611
-0.705000	0.557494
-0.695000	0.553353
-0.685000	0.549117
-0.675000	0.544892
-0.665000	0.540555
-0.655000	0.536150
-0.645000	0.531730
-0.635000	0.527249
-0.625000	0.522681
-0.615000	0.518077
-0.605000	0.513433
-0.595000	0.508743
-0.585000	0.503983
-0.575000	0.499188
-0.565000	0.494320
-0.555000	0.489378
-0.545000	0.484422
-0.535000	0.479429
-0.525000	0.474377
-0.515000	0.469248
-0.505000	0.464119
-0.495000	0.458932
-0.485000	0.453703
-0.475000	0.448383
-0.465000	0.443053
-0.455000	0.437640
-0.445000	0.432221
-0.435000	0.426755
-0.425000	0.421201
-0.415000	0.415574
-0.405000	0.410002
-0.395000	0.404326
-0.385000	0.398618
-0.375000	0.392871
-0.365000	0.387071
-0.355000	0.381224
-0.345000	0.375396
-0.335000	0.369506
-0.325000	0.363537
-0.315000	0.357546
-0.305000	0.351499
-0.295000	0.345446
-0.285000	0.339351
-0.275000	0.333198
-0.265000	0.327034
-0.255000	0.320822
-0.245000	0.314568
-0.235000	0.308307
-0.225000	0.301977
-0.215000	0.295640
-0.205000	0.289291
-0.195000	0.282864
-0.185000	0.276436
-0.175000	0.269984
-0.165000	0.263499
-0.155000	0.256992
-0.145000	0.250453
-0.135000	0.243848
-0.125000	0.237277
-0.115000	0.230623
-0.105000	0.223986
-0.095000	0.217308
-0.085000	0.210592
-0.075000	0.203870
-0.065000	0.197144
-0.055000	0.190367
-0.045000	0.183596
-0.035000	0.176813
-0.025000	0.169962
-0.015000	0.163105
-0.005000	0.156274
0.005000	0.149384
0.015000	0.142487
0.025000	0.135584
0.035000	0.128678
0.045000	0.121728
0.055000	0.114777
0.065000	0.107820
0.075000	0.100830
0.085000	0.093856
0.095000	0.086850
0.105000	0.079839
0.115000	0.072829
0.125000	0.065808
0.135000	0.058779
0.145000	0.051748
0.155000	0.044709
0.165000	0.037731
0.175000	0.030929
0.185000	0.024446
0.195000	0.018511
0.205000	0.000001
0.215000	0.000001
0.225000	0.000001
0.235000	0.000001
0.245000	0.000001
0.255000	0.000001
0.265000	0.000002
0.275000	0.000002
0.285000	0.000002
0.295000	0.000002
0.305000	0.000003
0.315000	0.000003
0.325000	0.000003
0.335000	0.000003
0.345000	0.000003
0.355000	0.000003
0.365000	0.000004
0.375000	0.000004
0.385000	0.000004
0.395000	0.000004
0.405000	0.000004
0.415000	0.000005
0.425000	0.000005
0.435000	0.000005
0.445000	0.000005
0.455000	0.000005
0.465000	0.000006
0.475000	0.000006
0.485000	0.000006
0.495000	0.000006
0.505000	0.000006
0.515000	0.000007
0.525000	0.000007
0.535000	0.000007
0.545000	0.000007
0.555000	0.000008
0.565000	0.000007
0.575000	0.000008
0.585000	0.000008
0.595000	0.000008
0.605000	0.000008
0.615000	0.000008
0.625000	0.000009
0.635000	0.000009
0.645000	0.000009
0.655000	0.000009
0.665000	0.000009
0.675000	0.000009
0.685000	0.000009
0.695000	0.000010
0.705000	0.000010
0.715000	0.000010
0.725000	0.000010
0.735000	0.000010
0.745000	0.000010
0.755000	0.000011
0.765000	0.000011
0.775000	0.000011
0.785000	0.000011
0.795000	0.000011
0.805000	0.000011
0.815000	0.000011
0.825000	0.000011
0.835000	0.000011
0.845000	0.000011
0.855000	0.000012
0.865000	0.000012
0.875000	0.000012
0.885000	0.000012
0.895000	0.000012
0.905000	0.000012
0.915000	0.000012
0.925000	0.000012
0.935000	0.000012
0.945000	0.000012
0.955000	0.000013
0.965000	0.000013
0.975000	0.000013
0.985000	0.000013
0.995000	0.000013
1.005000	0.000013
1.015000	0.000013
1.025000	0.000013
1.035000	0.000013
1.045000	0.000013
1.055000	0.000014
1.065000	0.000014
1.075000	0.000014
1.085000	0.000014
1.095000	0.000014
1.105000	0.000014
1.115000	0.000014
1.125000	0.000014
1.135000	0.000015
1.145000	0.000015
1.155000	0.000015
1.165000	0.000015
1.175000	0.000015
1.185000	0.000015
1.195000	0.000015
1.205000	0.000015
1.215000	0.000016
1.225000	0.000016
1.235000	0.000016
1.245000	0.000016
1.255000	0.000016
1.265000	0.000016
1.275000	0.000016
1.285000	0.000016
1.295000	0.000016
1.305000	0.000016
1.315000	0.000016
1.325000	0.000016
1.335000	0.000017
1.345000	0.000016
1.355000	0.000017
1.365000	0.000017
1.375000	0.000017
1.385000	0.000017
1.395000	0.000017
1.405000	0.000017
1.415000	0.000017
1.425000	0.000017
1.435000	0.000017
1.445000	0.000017
1.455000	0.000017
1.465000	0.000017
1.475000	0.000017
1.485000	0.000017
1.495000	0.000017
1.505000	0.000017
1.515000	0.000017
1.525000	0.000017
1.535000	0.000017
1.545000	0.000017
1.555000	0.000017
1.565000	0.000018
1.575000	0.000017
1.585000	0.000017
1.595000	0.000017
1.605000	0.000017
1.615000	0.000017
1.625000	0.000017
1.635000	0.000018
1.645000	0.000017
1.655000	0.000017
1.665000	0.000018
1.675000	0.000017
1.685000	0.000018
1.695000	0.000017
1.705000	0.000018
1.715000	0.000017
1.725000	0.000017
1.735000	0.000017
1.745000	0.000017
1.755000	0.000018
1.765000	0.000017
1.775000	0.000017
1.785000	0.000017
1.795000	0.000017
1.805000	0.000017
1.815000	0.000017
1.825000	0.000017
1.835000	0.000018
1.845000	0.000017
1.855000	0.000018
1.865000	0.000018
1.875000	0.000017
1.885000	0.000017
1.895000	0.000017
1.905000	0.000017
1.915000	0.000017
1.925000	0.000017
1.935000	0.000017
1.945000	0.000017
1.955000	0.000017
1.965000	0.000017
1.975000	0.000017
1.985000	0.000017
1.995000	0.000017
2.005000	0.000017
2.015000	0.000017
2.025000	0.000016
2.035000	0.000016
2.045000	0.000017
2.055000	0.000016
2.065000	0.000016
2.075000	0.000016
2.085000	0.000016
2.095000	0.000016
2.105000	0.000016
2.115000	0.000016
2.125000	0.000016
2.135000	0.000016
2.145000	0.000016
2.155000	0.000016
2.165000	0.000016
2.175000	0.000016
2.185000	0.000016
2.195000	0.000016
2.205000	0.000016
2.215000	0.000016
2.225000	0.000016
2.235000	0.000016
2.245000	0.000016
2.255000	0.000015
2.265000	0.000015
2.275000	0.000015
2.285000	0.000015
2.295000	0.000015
2.305000	0.000015
2.315000	0.000015
2.325000	0.000015
2.335000	0.000015
2.345000	0.000015
2.355000	0.000015
2.365000	0.000015
2.375000	0.000015
2.385000	0.000014
2.395000	0.000015
2.405000	0.000014
2.415000	0.000014
2.425000	0.000014
2.435000	0.000014
2.445000	0.000014
2.455000	0.000014
2.465000	0.000014
2.475000	0.000014
2.485000	0.000014
2.495000	0.000014
2.505000	0.000014
2.515000	0.000014
2.525000	0.000014
2.535000	0.000014
2.545000	0.000014
2.555000	0.000014
2.565000	0.000014
2.575000	0.000013
2.585000	0.000013
2.595000	0.000013
2.605000	0.000013
2.615000	0.000013
2.625000	0.000013
2.635000	0.000013
2.645000	0.000013
2.655000	0.000013
2.665000	0.000013
2.675000	0.000013
2.685000	0.000013
2.695000	0.000013
2.705000	0.000013
2.715000	0.000013
2.725000	0.000013
2.735000	0.000013
2.745000	0.000013
2.755000	0.000013
2.765000	0.000012
2.775000	0.000012
2.785000	0.000012
2.795000	0.000012
2.805000	0.000012
2.815000	0.000012
2.825000	0.000012
2.835000	0.000012
2.845000	0.000012
2.855000	0.000012
2.865000	0.000012
2.875000	0.000012
2.885000	0.000011
2.895000	0.000011
2.905000	0.000011
2.915000	0.000011
2.925000	0.000011
2.935000	0.000011
2.945000	0.000011
2.955000	0.000011
2.965000	0.000011
2.975000	0.000011
2.985000	0.000011
2.995000	0.000011
3.005000	0.000010
3.015000	0.000011
3.025000	0.000010
3.035000	0.000010
3.045000	0.000010
3.055000	0.000010
3.065000	0.000010
3.075000	0.000010
3.085000	0.000010
3.095000	0.000010
3.105000	0.000009
3.115000	0.000010
3.125000	0.000009
3.135000	0.000009
3.145000	0.000009
3.155000	0.000009
3.165000	0.000009
3.175000	0.000009
3.185000	0.000009
3.195000	0.000009
3.205000	0.000009
3.215000	0.000008
3.225000	0.000009
3.235000	0.000009
3.245000	0.000009
3.255000	0.000008
3.265000	0.000009
3.275000	0.000008
3.285000	0.000008
3.295000	0.000008
3.305000	0.000008
3.315000	0.000008
3.325000	0.000008
3.335000	0.000008
3.345000	0.000008
3.355000	0.000008
3.365000	0.000008
3.375000	0.000008
3.385000	0.000008
3.395000	0.000008
3.405000	0.000008
3.415000	0.000007
3.425000	0.000007
3.435000	0.000007
3.445000	0.000007
3.455000	0.000007
3.465000	0.000007
3.475000	0.000007
3.485000	0.000007
3.495000	0.000007
3.505000	0.000007
3.515000	0.000006
3.525000	0.000006
3.535000	0.000006
3.545000	0.000006
3.555000	0.000006
3.565000	0.000006
3.575000	0.000006
3.585000	0.000006
3.595000	0.000006
3.605000	0.000006
3.615000	0.000006
3.625000	0.000006
3.635000	0.000006
3.645000	0.000005
3.655000	0.000006
3.665000	0.000006
3.675000	0.000005
3.685000	0.000005
3.695000	0.000005
3.705000	0.000005
3.715000	0.000005
3.725000	0.000005
3.735000	0.000005
3.745000	0.000005
3.755000	0.000005
3.765000	0.000005
3.775000	0.000005
3.785000	0.000005
3.795000	0.000005
3.805000	0.000005
3.815000	0.000005
3.825000	0.000005
3.835000	0.000005
3.845000	0.000004
3.855000	0.000004
3.865000	0.000004
3.875000	0.000004
3.885000	0.000004
3.895000	0.000004
3.905000	0.000004
3.915000	0.000004
3.925000	0.000004
3.935000	0.000004
3.945000	0.000004
3.955000	0.000004
3.965000	0.000004
3.975000	0.000004
3.985000	0.000004
3.995000	0.000004
4.005000	0.000004
4.015000	0.000004
4.025000	0.000004
4.035000	0.000004
4.045000	0.000004
4.055000	0.000004
4.065000	0.000004
4.075000	0.000003
4.085000	0.000003
4.095000	0.000003
4.105000	0.000003
4.115000	0.000003
4.125000	0.000003
4.135000	0.000003
4.145000	0.000003
4.155000	0.000003
4.165000	0.000003
4.175000	0.000003
4.185000	0.000003
4.195000	0.000003
4.205000	0.000003
4.215000	0.000003
4.225000	0.000003
4.235000	0.000003
4.245000	0.000002
4.255000	0.000002
4.265000	0.000002
4.275000	0.000002
4.285000	0.000002
4.295000	0.000002
4.305000	0.000002
4.315000	0.000002
4.325000	0.000002
4.335000	0.000002
4.345000	0.000002
4.355000	0.000002
4.365000	0.000002
4.375000	0.000002
4.385000	0.000002
4.395000	0.000002
4.405000	0.000002
4.415000	0.000002
4.425000	0.000002
4.435000	0.000002
4.445000	0.000002
4.455000	0.000002
4.465000	0.000002
4.475000	0.000002
4.485000	0.000002
4.495000	0.000002
4.505000	0.000002
4.515000	0.000002
4.525000	0.000002
4.535000	0.000002
4.545000	0.000002
4.555000	0.000002
4.565000	0.000002
4.575000	0.000002
4.585000	0.000002
4.595000	0.000002
4.605000	0.000001
4.615000	0.000001
4.625000	0.000002
4.635000	0.000001
4.645000	0.000001
4.655000	0.000001
4.665000	0.000001
4.675000	0.000001
4.685000	0.000001
4.695000	0.000001
4.705000	0.000001
4.715000	0.000001
4.725000	0.000001
4.735000	0.000001
4.745000	0.000001
4.755000	0.000001
4.765000	0.000001
4.775000	0.000001
4.785000	0.000001
4.795000	0.000001
4.805000	0.000001
4.815000	0.000001
4.825000	0.000001
4.835000	0.000001
4.845000	0.000001
4.855000	0.000001
4.865000	0.000001
4.875000	0.000001
4.885000	0.000001
4.895000	0.000001
4.905000	0.000001
4.915000	0.000001
4.925000	0.000001
4.935000	0.000001
4.945000	0.000001
4.955000	0.000001
4.965000	0.000001
4.975000	0.000001
4.985000	0.000001
4.995000	0.000001
5.005000	0.000001
5.015000	0.000001
5.025000	0.000001
5.035000	0.000001
5.045000	0.000001
5.055000	0.000001
5.065000	0.000001
5.075000	0.000001
5.085000	0.000001
5.095000	0.000001
5.105000	0.000001
5.115000	0.000001
5.125000	0.000001
5.135000	0.000001
5.145000	0.000001
5.155000	0.000001
5.165000	0.000001
5.175000	0.000001
5.185000	0.000001
5.195000	0.000001
5.205000	0.000001
5.215000	0.000001
5.225000	0.000001
5.235000	0.000001
5.245000	0.000001
5.255000	0.000001
5.265000	0.000001
5.275000	0.000001
5.285000	0.000001
5.295000	0.000000
5.305000	0.000000
5.315000	0.000000
5.325000	0.000000
5.335000	0.000000
5.345000	0.000000
5.355000	0.000000
5.365000	0.000000
5.375000	0.000000
5.385000	0.000000
5.395000	0.000000
5.405000	0.000000
5.415000	0.000000
5.425000	0.000000
5.435000	0.000000
5.445000	0.000000
5.455000	0.000000
5.465000	0.000000
5.475000	0.000000
5.485000	0.000000
5.495000	0.000000
5.505000	0.000000
5.515000	0.000000
5.525000	0.000000
5.535000	0.000000
5.545000	0.000000
5.555000	0.000000
5.565000	0.000000
5.575000	0.000000
5.585000	0.000000
5.595000	0.000000
5.605000	0.000000
5.615000	0.000000
5.625000	0.000000
5.635000	0.000000
5.645000	0.000000
5.655000	0.000000
5.665000	0.000000
5.675000	0.000000
5.685000	0.000000
5.695000	0.000000
5.705000	0.000000
5.715000	0.000000
5.725000	0.000000
5.735000	0.000000
5.745000	0.000000
5.755000	0.000000
5.765000	0.000000
5.775000	0.000000
5.785000	0.000000
5.795000	0.000000
5.805000	0.000000
5.815000	0.000000
5.825000	0.000000
5.835000	0.000000
5.845000	0.000000
5.855000	0.000000
5.865000	0.000000
5.875000	0.000000
5.885000	0.000000
5.895000	0.000000
5.905000	0.000000
5.915000	0.000000
5.925000	0.000000
5.935000	0.000000
5.945000	0.000000
5.955000	0.000000
5.965000	0.000000
5.975000	0.000000
5.985000	0.000000
5.995000	0.000000
6.005000	0.000000
6.015000	0.000000
6.025000	0.000000
6.035000	0.000000
6.045000	0.000000
6.055000	0.000000
6.065000	0.000000
6.075000	0.000000
6.085000	0.000000
6.095000	0.000000
6.105000	0.000000
6.115000	0.000000
6.125000	0.000000
6.135000	0.000000
6.145000	0.000000
6.155000	0.000000
6.165000	0.000000
6.175000	0.000000
6.185000	0.000000
6.195000	0.000000
6.205000	0.000000
6.215000	0.000000
6.225000	0.000000
6.235000	0.000000
6.245000	0.000000
6.255000	0.000000
6.265000	0.000000
6.275000	0.000000
6.285000	0.000000
6.295000	0.000000
6.305000	0.000000
6.315000	0.000000
6.325000	0.000000
6.335000	0.000000
6.345000	0.000000
6.355000	0.000000
6.365000	0.000000
6.375000	0.000000
6.385000	0.000000
6.395000	0.000000
6.405000	0.000000
6.415000	0.000000
6.425000	0.000000
6.435000	0.000000
6.445000	0.000000
6.455000	0.000000
6.465000	0.000000
6.475000	0.000000
6.485000	0.000000
6.495000	0.000000
6.505000	0.000000
6.515000	0.000000
6.525000	0.000000
6.535000	0.000000
6.545000	0.000000
6.555000	0.000000
6.565000	0.000000
6.575000	0.000000
6.585000	0.000000
6.595000	0.000000
6.605000	0.000000
6.615000	0.000000
6.625000	0.000000
6.635000	0.000000
6.645000	0.000000
6.655000	0.000000
6.665000	0.000000
6.675000	0.000000
6.685000	0.000000
6.695000	0.000000
6.705000	0.000000
6.715000	0.000000
6.725000	0.000000
6.735000	0.000000
6.745000	0.000000
6.755000	0.000000
6.765000	0.000000
6.775000	0.000000
6.785000	0.000000
6.795000	0.000000
6.805000	0.000000
6.815000	0.000000
6.825000	0.000000
6.835000	0.000000
6.845000	0.000000
6.855000	0.000000
6.865000	0.000000
6.875000	0.000000
6.885000	0.000000
6.895000	0.000000
6.905000	0.000000
6.915000	0.000000
6.925000	0.000000
6.935000	0.000000
6.945000	0.000000
6.955000	0.000000
6.965000	0.000000
6.975000	0.000000
6.985000	0.000000
6.995000	0.000000
7.005000	0.000000
7.015000	0.000000
7.025000	0.000000
7.035000	0.000000
7.045000	0.000000
7.055000	0.000000
7.065000	0.000000
7.075000	0.000000
7.085000	0.000000
7.095000	0.000000
7.105000	0.000000
7.115000	0.000000
7.125000	0.000000
7.135000	0.000000
7.145000	0.000000
7.155000	0.000000
7.165000	0.000000
7.175000	0.000000
7.185000	0.000000
7.195000	0.000000
7.205000	0.000000
7.215000	0.000000
7.225000	0.000000
7.235000	0.000000
7.245000	0.000000
7.255000	0.000000
7.265000	0.000000
7.275000	0.000000
7.285000	0.000000
7.295000	0.000000
7.305000	0.000000
7.315000	0.000000
7.325000	0.000000
7.335000	0.000000
7.345000	0.000000
7.355000	0.000000
7.365000	0.000000
7.375000	0.000000
7.385000	0.000000
7.395000	0.000000
7.405000	0.000000
7.415000	0.000000
7.425000	0.000000
7.435000	0.000000
7.445000	0.000000
7.455000	0.000000
7.465000	0.000000
7.475000	0.000000
7.485000	0.000000
7.495000	0.000000
7.505000	0.000000
7.515000	0.000000
7.525000	0.000000
7.535000	0.000000
7.545000	0.000000
7.555000	0.000000
7.565000	0.000000
7.575000	0.000000
7.585000	0.000000
7.595000	0.000000
7.605000	0.000000
7.615000	0.000000
7.625000	0.000000
7.635000	0.000000
7.645000	0.000000
7.655000	0.000000
7.665000	0.000000
7.675000	0.000000
7.685000	0.000000
7.695000	0.000000
7.705000	0.000000
7.715000	0.000000
7.725000	0.000000
7.735000	0.000000
7.745000	0.000000
7.755000	0.000000
7.765000	0.000000
7.775000	0.000000
7.785000	0.000000
7.795000	0.000000
7.805000	0.000000
7.815000	0.000000
7.825000	0.000000
7.835000	0.000000
7.845000	0.000000
7.855000	0.000000
7.865000	0.000000
7.875000	0.000000
7.885000	0.000000
7.895000	0.000000
7.905000	0.000000
7.915000	0.000000
7.925000	0.000000
7.935000	0.000000
7.945000	0.000000
7.955000	0.000000
7.965000	0.000000
7.975000	0.000000
7.985000	0.000000
7.995000	0.000000
8.005000	0.000000
8.015000	0.000000
8.025000	0.000000
8.035000	0.000000
8.045000	0.000000
8.055000	0.000000
8.065000	0.000000
8.075000	0.000000
8.085000	0.000000
8.095000	0.000000
8.105000	0.000000
8.115000	0.000000
8.125000	0.000000
8.135000	0.000000
8.145000	0.000000
8.155000	0.000000
8.165000	0.000000
8.175000	0.000000
8.185000	0.000000
8.195000	0.000000
8.205000	0.000000
8.215000	0.000000
8.225000	0.000000
8.235000	0.000000
8.245000	0.000000
8.255000	0.000000
8.265000	0.000000
8.275000	0.000000
8.285000	0.000000
8.295000	0.000000
8.305000	0.000000
8.315000	0.000000
8.325000	0.000000
8.335000	0.000000
8.345000	0.000000
8.355000	0.000000
8.365000	0.000000
8.375000	0.000000
8.385000	0.000000
8.395000	0.000000
8.405000	0.000000
8.415000	0.000000
8.425000	0.000000
8.435000	0.000000
8.445000	0.000000
8.455000	0.000000
8.465000	0.000000
8.475000	0.000000
8.485000	0.000000
8.495000	0.000000
8.505000	0.000000
8.515000	0.000000
8.525000	0.000000
8.535000	0.000000
8.545000	0.000000
8.555000	0.000000
8.565000	0.000000
8.575000	0.000000
8.585000	0.000000
8.595000	0.000000
8.605000	0.000000
8.615000	0.000000
8.625000	0.000000
8.635000	0.000000
8.645000	0.000000
8.655000	0.000000
8.665000	0.000000
8.675000	0.000000
8.685000	0.000000
8.695000	0.000000
8.705000	0.000000
8.715000	0.000000
8.725000	0.000000
8.735000	0.000000
8.745000	0.000000
8.755000	0.000000
8.765000	0.000000
8.775000	0.000000
8.785000	0.000000
8.795000	0.000000
8.805000	0.000000
8.815000	0.000000
8.825000	0.000000
8.835000	0.000000
8.845000	0.000000
8.855000	0.000000
8.865000	0.000000
8.875000	0.000000
8.885000	0.000000
8.895000	0.000000
8.905000	0.000000
8.915000	0.000000
8.925000	0.000000
8.935000	0.000000
8.945000	0.000000
8.955000	0.000000
8.965000	0.000000
8.975000	0.000000
8.985000	0.000000
8.995000	0.000000
9.005000	0.000000
9.015000	0.000000
9.025000	0.000000
9.035000	0.000000
9.045000	0.000000
9.055000	0.000000
9.065000	0.000000
9.075000	0.000000
9.085000	0.000000
9.095000	0.000000
9.105000	0.000000
9.115000	0.000000
9.125000	0.000000
9.135000	0.000000
9.145000	0.000000
9.155000	0.000000
9.165000	0.000000
9.175000	0.000000
9.185000	0.000000
9.195000	0.000000
9.205000	0.000000
9.215000	0.000000
9.225000	0.000000
9.235000	0.000000
9.245000	0.000000
9.255000	0.000000
9.265000	0.000000
9.275000	0.000000
9.285000	0.000000
9.295000	0.000000
9.305000	0.000000
9.315000	0.000000
9.325000	0.000000
9.335000	0.000000
9.345000	0.000000
9.355000	0.000000
9.365000	0.000000
9.375000	0.000000
9.385000	0.000000
9.395000	0.000000
9.405000	0.000000
9.415000	0.000000
9.425000	0.000000
9.435000	0.000000
9.445000	0.000000
9.455000	0.000000
9.465000	0.000000
9.475000	0.000000
9.485000	0.000000
9.495000	0.000000
9.505000	0.000000
9.515000	0.000000
9.525000	0.000000
9.535000	0.000000
9.545000	0.000000
9.555000	0.000000
9.565000	0.000000
9.575000	0.000000
9.585000	0.000000
9.595000	0.000000
9.605000	0.000000
9.615000	0.000000
9.625000	0.000000
9.635000	0.000000
9.645000	0.000000
9.655000	0.000000
9.665000	0.000000
9.675000	0.000000
9.685000	0.000000
9.695000	0.000000
9.705000	0.000000
9.715000	0.000000
9.725000	0.000000
9.735000	0.000000
9.745000	0.000000
9.755000	0.000000
9.765000	0.000000
9.775000	0.000000
9.785000	0.000000
9.795000	0.000000
9.805000	0.000000
9.815000	0.000000
9.825000	0.000000
9.835000	0.000000
9.845000	0.000000
9.855000	0.000000
9.865000	0.000000
9.875000	0.000000
9.885000	0.000000
9.895000	0.000000
9.905000	0.000000
9.915000	0.000000
9.925000	0.000000
9.935000	0.000000
9.945000	0.000000
9.955000	0.000000
9.965000	0.000000
9.975000	0.000000
9.985000	0.000000
9.995000	0.000000
10.005000	0.000000
10.015000	0.000000
10.025000	0.000000
10.035000	0.000000
10.045000	0.000000
10.055000	0.000000
10.065000	0.000000
10.075000	0.000000
10.085000	0.000000
10.095000	0.000000
10.105000	0.000000
10.115000	0.000000
10.125000	0.000000
10.135000	0.000000
10.145000	0.000000
10.155000	0.000000
10.165000	0.000000
10.175000	0.000000
10.185000	0.000000
10.195000	0.000000
10.205000	0.000000
10.215000	0.000000
10.225000	0.000000
10.235000	0.000000
10.245000	0.000000
10.255000	0.000000
10.265000	0.000000
10.275000	0.000000
10.285000	0.000000
10.295000	0.000000
10.305000	0.000000
10.315000	0.000000
10.325000	0.000000
10.335000	0.000000
10.345000	0.000000
10.355000	0.000000
10.365000	0.000000
10.375000	0.000000
10.385000	0.000000
10.395000	0.000000
10.405000	0.000000
10.415000	0.000000
10.425000	0.000000
10.435000	0.000000
10.445000	0.000000
10.455000	0.000000
10.465000	0.000000
10.475000	0.000000
10.485000	0.000000
10.495000	0.000000
10.505000	0.000000
10.515000	0.000000
10.525000	0.000000
10.535000	0.000000
10.545000	0.000000
10.555000	0.000000
10.565000	0.000000
10.575000	0.000000
10.585000	0.000000
10.595000	0.000000
10.605000	0.000000
10.615000	0.000000
10.625000	0.000000
10.635000	0.000000
10.645000	0.000000
10.655000	0.000000
10.665000	0.000000
10.675000	0.000000
10.685000	0.000000
10.695000	0.000000
10.705000	0.000000
10.715000	0.000000
10.725000	0.000000
10.735000	0.000000
10.745000	0.000000
10.755000	0.000000
10.765000	0.000000
10.775000	0.000000
10.785000	0.000000
10.795000	0.000000
10.805000	0.000000
10.815000	0.000000
10.825000	0.000000
10.835000	0.000000
10.845000	0.000000
10.855000	0.000000
10.865000	0.000000
10.875000	0.000000
10.885000	0.000000
10.895000	0.000000
10.905000	0.000000
10.915000	0.000000
10.925000	0.000000
10.935000	0.000000
10.945000	0.000000
10.955000	0.000000
10.965000	0.000000
10.975000	0.000000
10.985000	0.000000
10.995000	0.000000

