#Trial parameter	Mean energy	Standard error	K_el=0.16  Nw=10000 T=315 a.u.  dtau=0.00005 a.u.

+4.0			1.538670        0.001100
+3.0			1.519694        0.001175
+2.0			1.470298        0.001017
+1.0			1.354887        0.001136
+0.5			1.253576        0.001024			
+0.4			1.233102        0.000977
+0.3			1.217767        0.000912
+0.2			1.205885        0.000956	
+0.1			1.201593        0.001143
+0.0			1.198748        0.000927	#2.996870	0.0023175	in units of angular frequency
-0.1			1.201902        0.000971		
-0.2			1.207743        0.001050
-0.3			1.217263        0.000901
-0.4			1.235717        0.000983
-0.5			1.254131        0.000983
-1.0			1.353992        0.001134
-2.0			1.470249        0.001194		
-3.0			1.515940        0.001074
-4.0			1.539163        0.001034					